56 5 20 73 
37 23 1 
68 84 48 66 50 
24 8 72 24 63 
46 93 40 41 11 63 10 
43 36 13 48 
38 21 98 61 22 8 81 
8 99 61 45 23 69 
48 85 35 46 30 27 88 
90 98 50 86 86 
34 95 53 7 46 66 
54 47 40 14 46 1 11 
22 80 70 7 67 
38 95 56 32 
54 82 23 41 98 
88 51 17 
18 99 92 17 
6 16 92 17 38 14 49 
74 17 28 
64 85 96 53 39 
77 32 76 87 73 80 
59 98 55 4 
46 10 35 38 28 
5 77 85 79 46 14 
62 51 39 16 42 17 
75 46 84 
26 40 11 
48 15 43 94 
79 85 6 4 
35 90 69 
56 12 96 7 51 
1 20 9 28 66 
28 92 34 40 68 82 
64 28 85 43 13 
99 3 27 41 
61 97 36 57 56 
22 58 60 31 86 
25 67 71 11 
91 45 66 55 73 52 50 
95 50 42 22 91 
83 41 3 93 97 
15 7 3 46 
29 71 13 52 
72 44 79 90 99 
94 50 92 90 52 34 
43 1 48 36 5 
86 48 56 93 
2 39 32 26 
85 60 28 29 40 19 80 
13 82 37 
34 23 68 30 77 16 
34 57 4 34 
98 37 19 
69 45 46 6 58 74 87 
45 68 95 
2 84 14 89 59 82 19 
50 37 22 59 
56 24 92 93 96 
15 93 31 73 51 6 
1 3 81 48 
83 32 29 72 92 
43 80 66 33 3 25 
11 2 71 57 98 
24 91 88 97 43 94 10 
97 91 97 12 
81 93 51 25 56 
6 22 80 61 0 
72 2 30 81 0 
5 43 74 3 
20 65 35 18 57 84 
36 65 27 87 91 
34 49 10 
62 10 25 86 
55 68 64 42 73 
68 28 46 89 94 
59 3 17 41 91 34 
78 25 55 
26 65 83 
75 9 27 39 64 95 
58 20 63 27 1 9 
47 94 27 2 
68 93 97 40 23 75 
88 1 61 
42 36 33 69 28 
16 31 8 36 46 87 89 
55 36 1 82 38 
2 31 62 42 7 89 37 
90 50 19 
39 4 5 67 54 21 50 
10 97 1 99 4 8 88 
42 26 22 44 
36 38 17 
27 64 68 
36 4 17 40 10 84 
83 34 60 93 
13 45 88 73 
46 15 11 68 11 21 
49 90 34 77 7 
7 95 59 24 87 
60 34 4 46 46 98 30 
43 18 85 28 64 
39 84 12 13 
14 55 28 43 62 82 
57 41 26 
62 86 31 67 84 
17 14 41 12 32 27 40 
80 79 85 44 44 78 
0 58 1 62 41 3 
34 29 21 49 67 
68 52 33 85 66 75 49 
54 89 51 34 
36 78 65 
37 65 25 90 79 
94 3 5 75 24 6 
28 74 47 14 11 65 
