84 73 14 49 93 
38 64 49 45 12 86 82 
83 48 11 28 50 2 
65 3 18 19 49 89 
96 26 90 33 99 56 
93 57 72 9 6 69 21 
51 96 75 0 7 
2 62 34 68 
4 39 66 93 57 
20 47 48 
55 34 16 12 
25 18 75 98 
78 95 90 30 54 
85 68 32 53 
37 92 4 82 
71 2 48 19 74 3 5 
67 11 68 
38 66 99 69 13 
51 20 87 36 
72 89 26 9 33 83 
34 54 46 82 
72 37 31 14 
95 82 93 85 
93 54 66 86 
86 74 42 27 
84 5 7 17 
98 52 95 44 86 21 
24 52 31 32 
65 26 85 66 71 39 85 
97 71 31 40 50 
24 56 36 93 96 87 45 
83 32 12 0 
17 83 40 68 0 18 
19 89 45 4 47 42 
30 34 78 12 10 
0 4 82 87 
74 71 85 38 
93 7 6 86 76 6 
29 77 46 26 
45 69 9 27 
87 39 66 73 40 70 
27 71 81 50 57 
73 2 79 79 40 
38 97 37 
95 63 49 
84 58 19 
97 59 6 
51 76 29 78 99 
29 8 83 54 
14 34 3 70 24 52 
91 99 22 40 39 7 50 
47 47 70 5 69 21 81 
51 32 62 32 41 97 87 
63 73 11 33 
64 44 92 63 67 85 55 
35 66 25 35 
30 56 9 63 7 12 
69 45 88 
84 96 82 57 8 67 
24 12 50 87 31 35 
9 71 12 86 58 0 16 
61 79 22 74 26 43 71 
62 55 63 96 64 
15 22 47 79 72 87 
8 81 71 
46 57 89 98 
55 60 4 
86 83 21 9 2 
64 17 83 
41 98 54 
78 26 27 40 86 61 
69 7 21 10 5 47 66 
3 95 3 
68 12 92 3 28 10 
8 3 37 14 43 67 
71 7 79 32 
1 39 45 11 44 44 
62 99 25 17 90 93 30 
49 58 92 87 19 
76 33 91 43 26 
3 58 94 26 59 
23 22 29 19 52 43 
29 61 9 74 91 91 75 
36 63 72 83 
6 74 35 84 
90 42 82 16 
15 92 76 97 11 80 
82 9 53 
35 44 35 11 
23 26 70 58 17 76 
4 13 21 94 55 4 
61 71 55 37 20 66 
13 49 78 66 92 
11 79 24 9 2 2 
61 20 60 46 
73 19 71 80 75 34 41 
89 78 19 7 47 
8 25 99 53 91 
32 67 23 87 70 
0 42 14 46 18 39 65 
20 41 23 61 40 64 92 
24 91 44 84 
95 37 60 57 22 27 32 
49 86 61 91 53 7 10 
24 99 12 17 75 
9 39 70 21 
61 17 0 
12 37 42 
11 70 53 72 
